1,128,102
3,129,102
5,130,102
7,131,102
9,132,102
11,133,102
13,134,102
15,135,102
17,136,102
18,136,102
21,138,102
22,138,102
25,140,102
26,140,102
29,142,102
30,143,102
33,144,102
35,145,102
36,145,102
39,147,102
41,148,102
43,149,102
44,150,102
47,151,102
49,152,102
51,153,102
52,154,102
55,155,102
57,156,102
59,157,102
60,157,102
63,159,102
65,160,102
67,161,102
69,162,102
71,163,102
73,164,102
74,164,102
77,166,102
79,167,102
81,168,102
83,169,102
85,170,102
87,171,102
89,172,102
90,173,102
93,174,102
95,175,102
97,176,102
99,177,102
101,178,102
103,179,102
105,180,102
106,180,102
109,182,102
111,183,102
113,184,102
115,185,102
117,186,102
119,187,102
121,188,102
122,189,102
125,190,102
127,191,102
129,192,102
131,193,102
133,194,102
135,195,102
137,196,102
139,197,102
141,198,102
143,199,102
145,200,102
147,201,102
149,202,102
150,203,102
153,204,102
155,205,102
157,206,102
159,207,102
161,208,102
163,209,102
165,210,102
167,211,102
169,212,102
171,213,102
173,214,102
175,215,102
177,216,102
179,217,102
181,218,102
182,219,102
185,220,102
187,221,102
189,222,102
191,223,102
193,224,102
195,225,102
197,226,102
199,227,102
201,228,102
203,229,102
205,230,102
207,231,102
209,232,102
211,233,102
213,234,102
214,235,102
217,236,102
219,237,102
221,238,102
223,239,102
225,240,102
227,241,102
229,242,102
231,243,102
233,244,102
235,245,102
237,246,102
239,247,102
241,248,102
243,249,102
245,250,102
246,251,102
249,252,102
251,253,102
253,254,102
255,255,102
